INDEX GEOGRAPHIQUE

I. Neust1ie.—1, 2, 3, 4, „6 7, 8, 9, 10, 13, 14, 15,16,
17, 18, 19, 20, 21, 22, 23, 24 ,25 ,26, 28, 29, 30,31,32,
33, 31, 35 1, 35 b, 35 0, 35 11, 36, 37, 38, 39, 40, 41,
42, 45, 53, 55, 86, 89, 138, 110, 142, 145, 149, 150, 151,
152, 153, 154, 155, 156, 157, 160, 161, 162, 163, 164,
165, 166, 167, 168, 170, 171, 172, 173, 174.
Flandre. -— 144.

II. Bretagne. — 63, 65, 79, 84, 85, 90, 92, 116.

III. Aquitaine. — 27, 74, 98, 133.
Poitou. — 62, 66.
Auvergne. —- 11, 12.
Languedoc. — 123.
Albigeois. — 108.
Velay. — 77.

IV. Sep1imanie ou Gothic. —- 67, 68, 71, 88, 93, 94, 101, 104,
106,107,114,127,1271ns,128.

V. Bourgogne. —— 57, 58, 72, 73, 75, 75 his, 76, 91, 95, 96,
100, 102, 103, 109, 110, 112, 115, 117, 118, 119, 120,
122, 121, 125, 126, 129, 130, 131, 136, 117, 175 οι
176 (ees deux actes mon1rent l'application 110 la loi
Saliquc) 177 (loi 1101111111101 178, (loi Gombvsso) 179, (loi
3111111110, voirpagv 241, 111110 1).
99 ( 'l'esmmcnt (l'un 01111110 qui avait 11οε biens 011 Lom-
bardic, 011 Franco 01011 ΑΙύι11111110. -Υωίν page 138, 11. 2).

Provcnce. —.- 80, 137, 111, 116.

