-265—

wadia, 170. Renouvellement (16 13 6113116, 50. Β66131311611
(16 nullius de 13 6113116, 66, 89, 94, 103. (3113116 1335566, 89,
102. Τι’ῑιηεραιιῃενθ cartam, 107. Desistement (16 13 6113116,
7, 45, 47, 48, 50, 52, 60, 94, 108. Tradition (16 13 6113116,
60, 105 ((116111611111313).

1)(363661116111 61 165111311611 (16 13 6113116, 7, 28.

1)16115 (13 (1616111631 (16 13 charte, 7, 60. (0131156 5116611116 611
16113 (16 laquelle 16 (1161661631 peut exiger ou saim exiger
16 166196ἰᾶ 63 l'amende (611 635 (16 111631116, 616.) (13 pro-
mgb).

Levare 63113111, 50, 52, 105, 132 (611 plein mall), 136 (avec
l'encrier), 147.

Firmare cartam, 35 6, 118, 126, 129, 140, 142, 150, 168.

Roqatio testium, 52, 105, 136.

Signatum (165 (1311165, 18, 23, 27, 54, 55, 56, 57, 58, 59, 60,
61, 62, 63, 64, 05, 00, 08, 70, 71, 72, 73, 75, 77, 83, 87,
91, 92, 95, 97, 105, 108, 126, 147.

Signatum (165 1611161115, 31, 32, 36, 58 (His stipulantibus),
64, 65, 69, 70, 72, 75, 78, 79, 80, 81, 83, 84, 85, 87, 90,
91, 92, 93, 95, 165, 165, 111, 112, 113, 117, 126, 143,
144, 165, 169.

Signatum du Comle 61 (165 Scahini, 132, 134, 139.

Signatum (16 16163116, (165 (1161165 (1136165, 616165 61 pet-§onnes
pmsentOS, 11. Signatum des Senior-es, 6. Signatum des
diuisores (16 1611116116, 43, 44.

,1161111611 (165 13553111 (16111 165 16113165 56111 6631611565 (13115
3116 (1611311611, 75.

Ι). 1115111111161115 royaux (363· (161111Ϊρ316 partie). Precelna ressz's,
80, 102, 123, 129. Edu-lum imperatoris, 71. Proeceplum
imperiale, 88, 93, 128.

c. Lettres (16111111163165 (lu pape, 123, 128 (idem).

Β.

lusu-mucuns (16 proavo. — Ν611665.
3. Nolim-05.
ΔΥ611665 (16 tradition, 29, 30, 31, -45, 69, 75 ln‘s, 82, 98, 119
(σοννιῗςμῗῑιζ, 124,’135, 139, 144, 145, 151, 155, 150, 157, 161,
102, 163, 165, 180. Nolices (l'investitum, 78, 121, 179.

